0.0000000 0.5371096 0.5171410 0.4792000
0.0033958 0.5170647 0.5197440 0.4813628
0.0067916 0.4034200 0.5224560 0.4835959
0.0101874 0.4546089 0.5252415 0.4859006
0.0135832 0.4688018 0.5281587 0.4882780
0.0169791 0.5103000 0.5311940 0.4907294
0.0203749 0.5034928 0.5343475 0.4932563
0.0237707 0.5888211 0.5376189 0.4958598
0.0271665 0.4617286 0.5410127 0.4985413
0.0305623 0.4897492 0.5445305 0.5013023
0.0339581 0.5170647 0.5481633 0.5041441
0.0373539 0.5103000 0.5520003 0.5070683
0.0407497 0.6013731 0.5560897 0.5100763
0.0441455 0.5034928 0.5604235 0.5131699
0.0475413 0.5304690 0.5648868 0.5163508
0.0509372 0.4758292 0.5695255 0.5196209
0.0543330 0.5034928 0.5743050 0.5229822
0.0577288 0.4828115 0.5792245 0.5264370
0.0611246 0.5567912 0.5842882 0.5299875
0.0645204 0.5567912 0.5894575 0.5336364
0.0679162 0.5632732 0.5947566 0.5373865
0.0713120 0.5304690 0.6002002 0.5412409
0.0747078 0.5304690 0.6057972 0.5452029
0.0781036 0.5170647 0.6115552 0.5492760
0.0814995 0.5371096 0.6174168 0.5534642
0.0848953 0.5824903 0.6234126 0.5577717
0.0882911 0.5437099 0.6295463 0.5622031
0.0916869 0.5304690 0.6357942 0.5667631
0.0950827 0.6013731 0.6421657 0.5714571
0.0984785 0.5567912 0.6486463 0.5762906
0.1018743 0.6013731 0.6552558 0.5812697
0.1052701 0.6199331 0.6620390 0.5864007
0.1086659 0.5761223 0.6689246 0.5916904
0.1120617 0.6199331 0.6759760 0.5971460
0.1154576 0.6199331 0.6831578 0.6027754
0.1188534 0.6321326 0.6904952 0.6085869
0.1222492 0.6013731 0.6979883 0.6145893
0.1256450 0.6013731 0.7056275 0.6207923
0.1290408 0.5824903 0.7134226 0.6272065
0.1324366 0.6137817 0.7213276 0.6338434
0.1358324 0.6737823 0.7293535 0.6407157
0.1392282 0.6441964 0.7375256 0.6478375
0.1426240 0.6137817 0.7457739 0.6552245
0.1460198 0.6075951 0.7541734 0.6628944
0.1494157 0.6441964 0.7626888 0.6708671
0.1528115 0.6737823 0.7713432 0.6791651
0.1562073 0.6561278 0.7800946 0.6878139
0.1596031 0.6911545 0.7889660 0.6968423
0.1629989 0.6911545 0.7979370 0.7062832
0.1663947 0.7195044 0.8070494 0.7161733
0.1697905 0.7250866 0.8162645 0.7265542
0.1731863 0.7416630 0.8255541 0.7374723
0.1765821 0.7195044 0.8349397 0.7489791
0.1799780 0.7250866 0.8444366 0.7611309
0.1833738 0.7525750 0.8540588 0.7739891
0.1867696 0.7846680 0.8637757 0.7876188
0.1901654 0.7899258 0.8735593 0.8020885
0.1935612 0.7951583 0.8833978 0.8174677
0.1969570 0.8310962 0.8932825 0.8338254
0.2003528 0.8310962 0.9032277 0.8512269
0.2037486 0.8361344 0.9132470 0.8697304
0.2071444 0.8107061 0.9232218 0.8893828
0.2105402 0.8948371 0.9333134 0.9102153
0.2139361 0.9090299 0.9433940 0.9322384
0.2173319 0.8900646 0.9534477 0.9554363
0.2207277 0.9368708 0.9635610 0.9797631
0.2241235 0.9368708 0.9736573 1.0051376
0.2275193 0.9414425 0.9837518 1.0314406
0.2309151 1.0035013 0.9938328 1.0585130
0.2343109 1.0205998 1.0038938 1.0861560
0.2377067 1.0540099 1.0139562 1.1141332
0.2411025 1.1022727 1.0239985 1.1421755
0.2444984 1.1447047 1.0339921 1.1699882
0.2478942 1.1745551 1.0439513 1.1972606
0.2512900 1.2353864 1.0538791 1.2236770
0.2546858 1.3254993 1.0637674 1.2489302
0.2580816 1.4551585 1.0735983 1.2727350
0.2614774 1.7343174 1.0833624 1.2948417
0.2648732 2.4047387 1.0930986 1.3150488
0.2682690 2.3222692 1.1027541 1.3332137
0.2716648 1.6306157 1.1123315 1.3492607
0.2750606 1.4263573 1.1218531 1.3631854
0.2784565 1.3254993 1.1313084 1.3750559
0.2818523 1.2830441 1.1407073 1.3850091
0.2852481 1.1855407 1.1500433 1.3932435
0.2886439 1.2107496 1.1592057 1.4000089
0.2920397 1.1671691 1.1682227 1.4055927
0.2954355 1.1818911 1.1770914 1.4103042
0.2988313 1.1818911 1.1858766 1.4144582
0.3022271 1.1671691 1.1945202 1.4183586
0.3056229 1.1559950 1.2030325 1.4222824
0.3090188 1.2143035 1.2114232 1.4264666
0.3124146 1.1745551 1.2196560 1.4310970
0.3158104 1.2071840 1.2277705 1.4363007
0.3192062 1.2319009 1.2357720 1.4421420
0.3226020 1.2107496 1.2436382 1.4486218
0.3259978 1.2560678 1.2513755 1.4556812
0.3293936 1.2962848 1.2589743 1.4632072
0.3327894 1.3476902 1.2664283 1.4710423
0.3361852 1.3907562 1.2737558 1.4789950
0.3395810 2.9666848 1.2809456 1.4868526
0.3429769 2.7229958 1.2880347 1.4943934
0.3463727 2.5754869 1.2949915 1.5013999
0.3497685 2.5477908 1.3017923 1.5076699
0.3531643 2.6240139 1.3084821 1.5130268
0.3565601 2.8883400 1.3150821 1.5173274
0.3599559 2.9307773 1.3215721 1.5204675
0.3633517 2.6298099 1.3279567 1.5223852
0.3667475 1.9739518 1.3342263 1.5230614
0.3701433 1.3190747 1.3403547 1.5225183
0.3735391 1.2143035 1.3463589 1.5208155
0.3769350 1.1101120 1.3522325 1.5180454
0.3803308 1.1022727 1.3580019 1.5143266
0.3837266 1.1559950 1.3636515 1.5097972
0.3871224 1.1217657 1.3692397 1.5046083
0.3905182 1.1671691 1.3746969 1.4989173
0.3939140 1.1484812 1.3800002 1.4928822
0.3973098 1.1522447 1.3852069 1.4866564
0.4007056 1.1708684 1.3902825 1.4803850
0.4041014 1.1022727 1.3952545 1.4742021
0.4074973 1.1101120 1.4001116 1.4682286
0.4108931 1.1022727 1.4048783 1.4625711
0.4142889 1.0824232 1.4095971 1.4573219
0.4176847 1.0498894 1.4142518 1.4525591
0.4210805 1.1101120 1.4187821 1.4483472
0.4244763 1.0457532 1.4232853 1.4447381
0.4278721 1.0743808 1.4277409 1.4417718
0.4312679 1.0457532 1.4321578 1.4394779
0.4346637 1.0416012 1.4365226 1.4378763
0.4380595 1.4408534 1.4407888 1.4369780
0.4414554 1.9668784 1.4449649 1.4367863
0.4448512 2.4579377 1.4490785 1.4372975
0.4482470 2.7282879 1.4531359 1.4385015
0.4516428 2.7509263 1.4571367 1.4403826
0.4550386 2.5734594 1.4610765 1.4429200
0.4584344 2.3612068 1.4649994 1.4460886
0.4618302 2.2302365 1.4688980 1.4498593
0.4652260 2.1403112 1.4727143 1.4541996
0.4686218 2.0812724 1.4765110 1.4590743
0.4720177 2.0322833 1.4803129 1.4644457
0.4754135 1.9897001 1.4840820 1.4702740
0.4788093 1.9579718 1.4878133 1.4765179
0.4822051 1.8801211 1.4915451 1.4831349
0.4856009 1.8626870 1.4952979 1.4900815
0.4889967 1.8665855 1.4990547 1.4973138
0.4923925 1.8509067 1.5028005 1.5047876
0.4957883 1.8065848 1.5065626 1.5124590
0.4991841 1.7474251 1.5103051 1.5202845
0.5025799 1.7667944 1.5140019 1.5282217
0.5059758 1.7646593 1.5176689 1.5362295
0.5093716 1.7343174 1.5213068 1.5442686
0.5127674 1.7365129 1.5248193 1.5523020
0.5161632 1.7165906 1.5285759 1.5602951
0.5195590 1.7053627 1.5325252 1.5682165
0.5229548 1.7143543 1.5367212 1.5760377
0.5263506 1.6894459 1.5411101 1.5837340
0.5297464 1.6871529 1.5454821 1.5912836
0.5331422 1.6871529 1.5499107 1.5986686
0.5365381 1.7143543 1.5543744 1.6058738
0.5399339 1.6802447 1.5589176 1.6128869
0.5433297 1.6848550 1.5635092 1.6196979
0.5467255 1.6545318 1.5681066 1.6262983
0.5501213 1.6354415 1.5727793 1.6326810
0.5535171 1.6639525 1.5775101 1.6388391
0.5569129 1.6330312 1.5822746 1.6447658
0.5603087 1.6474121 1.5871059 1.6504540
0.5637045 1.6732922 1.5919705 1.6558960
0.5671003 1.6592524 1.5969157 1.6610837
0.5704962 1.6825522 1.6018945 1.6660087
0.5738920 1.6917341 1.6069369 1.6706633
0.5772878 1.6985698 1.6120409 1.6750411
0.5806836 1.6662949 1.6171708 1.6791378
0.5840794 1.6639525 1.6223374 1.6829530
0.5874752 1.6756146 1.6275192 1.6864903
0.5908710 1.6497905 1.6326384 1.6897593
0.5942668 1.6709648 1.6376114 1.6927757
0.5976626 1.6160094 1.6428501 1.6955623
0.6010585 1.6426396 1.6482795 1.6981485
0.6044543 1.6450286 1.6538804 1.7005708
0.6078501 1.6330312 1.6596790 1.7028712
0.6112459 1.6662949 1.6654481 1.7050967
0.6146417 1.6184574 1.6712214 1.7072976
0.6180375 1.6616049 1.6770325 1.7095257
0.6214333 1.6354415 1.6828537 1.7118324
0.6248291 1.6616049 1.6887428 1.7142670
0.6282249 1.6474121 1.6945855 1.7168747
0.6316207 1.7165906 1.7004813 1.7196953
0.6350166 1.6662949 1.7064746 1.7227621
0.6384124 1.7008388 1.7125118 1.7261007
0.6418082 1.6985698 1.7185986 1.7297292
0.6452040 1.7365129 1.7247646 1.7336582
0.6485998 1.7343174 1.7310529 1.7378914
0.6519956 1.7321172 1.7374709 1.7424263
0.6553914 1.8147790 1.7439434 1.7472561
0.6587872 1.8289720 1.7504676 1.7523706
0.6621830 1.8685296 1.7570384 1.7577581
0.6655788 1.9252882 1.7636638 1.7634065
0.6689747 1.9561815 1.7703098 1.7693053
0.6723705 2.0238993 1.7770203 1.7754463
0.6757663 2.2063115 1.7837026 1.7818245
0.6791621 2.4613183 1.7904229 1.7884386
0.6825579 2.7722578 1.7971580 1.7952915
0.6859537 2.4956484 1.8038471 1.8023891
0.6893495 1.9615433 1.8106433 1.8097402
0.6927453 1.8548477 1.8173956 1.8173551
0.6961411 1.7858243 1.8241477 1.8252439
0.6995370 1.6962959 1.8309243 1.8334147
0.7029328 1.6616049 1.8377467 1.8418714
0.7063286 1.6521637 1.8445974 1.8506111
0.7097244 1.6160094 1.8514569 1.8596224
0.7131202 1.6592524 1.8583475 1.8688820
0.7165160 1.6354415 1.8652314 1.8783535
0.7199118 1.6378461 1.8721627 1.8879855
0.7233076 1.6402457 1.8791525 1.8977102
0.7267034 1.6354415 1.8861218 1.9074433
0.7300992 1.6160094 1.8931015 1.9170847
0.7334951 1.6086317 1.9001112 1.9265201
0.7368909 1.6402457 1.9071527 1.9356237
0.7402867 1.6402457 1.9142168 1.9442621
0.7436825 1.6779321 1.9213423 1.9522991
0.7470783 1.6756146 1.9284628 1.9596015
0.7504741 1.7143543 1.9354997 1.9660451
0.7538699 1.7560763 1.9425097 1.9715211
0.7572657 2.0971227 1.9494575 1.9759418
0.7606615 2.8128896 1.9564002 1.9792463
0.7640574 2.8959062 1.9632956 1.9814049
0.7674532 2.9531794 1.9701631 1.9824215
0.7708490 2.9041686 1.9770264 1.9823353
0.7742448 2.7194536 1.9839407 1.9812202
0.7776406 2.5519385 1.9906994 1.9791826
0.7810364 2.4669292 1.9973584 1.9763580
0.7844322 2.4011769 2.0039093 1.9729053
0.7878280 2.3349829 2.0103695 1.9690017
0.7912238 2.3029151 2.0167158 1.9648356
0.7946196 2.2738900 2.0230811 1.9606002
0.7980155 2.2204487 2.0294270 1.9564878
0.8014113 2.1991730 2.0357194 1.9526834
0.8048071 2.1818471 2.0419632 1.9493608
0.8082029 2.1478457 2.0481752 1.9466790
0.8115987 2.1583071 2.0543271 1.9447793
0.8149945 2.0844610 2.0604306 1.9437843
0.8183903 2.0812724 2.0664883 1.9437975
0.8217861 2.0971227 2.0724868 1.9449030
0.8251819 2.0764716 2.0784021 1.9471661
0.8285778 2.0521450 2.0842560 1.9506341
0.8319736 2.0356190 2.0900636 1.9553359
0.8353694 2.0455647 2.0957967 1.9612828
0.8387652 2.0322833 2.1014651 1.9684670
0.8421610 2.0255814 2.1071000 1.9768610
0.8455568 2.0372829 2.1126933 1.9864154
0.8489526 2.0205274 2.1182032 1.9970572
0.8523484 1.9966266 2.1236830 2.0086877
0.8557442 1.9983513 2.1290796 2.0211803
0.8591400 2.0017929 2.1344391 2.0343798
0.8625359 2.0272608 2.1397243 2.0481017
0.8659317 2.0120516 2.1449623 2.0621340
0.8693275 2.0603147 2.1501417 2.0762398
0.8727233 1.9897001 2.1552485 2.0901619
0.8761191 2.0668063 2.1603174 2.1036292
0.8795149 2.0586855 2.1653165 2.1163653
0.8829107 2.0700378 2.1703078 2.1280972
0.8863065 2.0684233 2.1752380 2.1385660
0.8897023 2.1049621 2.1801717 2.1475373
0.8930981 2.8250299 2.1850696 2.1548112
0.8964940 2.6172132 2.1897962 2.1602314
0.8998898 2.5560710 2.1943651 2.1636926
0.9032856 2.5612142 2.1988680 2.1651454
0.9066814 2.6676772 2.2031990 2.1645994
0.9100772 3.1266596 2.2071507 2.1621224
0.9134730 1.9326366 2.2111346 2.1578377
0.9168688 1.9085701 2.2152513 2.1519190
0.9202646 1.9104403 2.2193790 2.1445823
0.9236604 1.8762710 2.2235529 2.1360771
0.9270563 1.8409913 2.2277289 2.1266763
0.9304521 1.8665855 2.2318742 2.1166653
0.9338479 1.8607324 2.2360484 2.1063318
0.9372437 1.8858708 2.2402000 2.0959566
0.9406395 1.8685296 2.2442911 2.0858046
0.9440353 1.8429816 2.2484122 2.0761188
0.9474311 1.8349983 2.2525104 2.0671145
0.9508269 1.8528790 2.2565681 2.0589764
0.9542227 1.8329931 2.2605667 2.0518569
0.9576185 1.8568128 2.2646266 2.0458755
0.9610144 1.8349983 2.2686754 2.0411205
0.9644102 1.8509067 2.2727442 2.0376510
0.9678060 1.8269557 2.2767913 2.0354996
0.9712018 1.8024645 2.2808123 2.0346758
0.9745976 1.8369995 2.2848431 2.0351701
0.9779934 1.8229120 2.2888722 2.0369568
0.9813892 1.8409913 2.2927929 2.0399984
0.9847850 1.8548477 2.2967577 2.0442482
0.9881808 1.8568128 2.3008705 2.0496534
0.9915767 1.8449682 2.3050239 2.0561580
0.9949725 1.8646381 2.3090897 2.0637043
0.9983683 1.8509067 2.3131630 2.0722352
1.0017641 1.8429816 2.3172436 2.0816954
1.0051599 1.8568128 2.3213335 2.0920324
1.0085557 1.8724072 2.3255294 2.1031977
1.0119515 1.8801211 2.3298314 2.1151470
1.0153473 1.8568128 2.3342678 2.1278408
1.0187431 1.8289720 2.3385735 2.1412448
1.0221389 1.8724072 2.3427063 2.1553297
1.0255348 1.8509067 2.3468200 2.1700714
1.0289306 1.9123075 2.3508873 2.1854509
1.0323264 1.8528790 2.3548737 2.2014541
1.0357222 1.8896871 2.3587694 2.2180713
1.0391180 1.9048196 2.3626242 2.2352968
1.0425138 1.8858708 2.3664435 2.2531280
1.0459096 1.8781978 2.3702111 2.2715647
1.0493054 1.8972796 2.3739366 2.2906072
1.0527012 3.0509243 2.3775779 2.3102556
1.0560971 2.9918218 2.3811785 2.3305067
1.0594929 2.7069635 2.3847255 2.3513527
1.0628887 2.5915720 2.3882079 2.3727782
1.0662845 2.5436268 2.3916173 2.3947571
1.0696803 2.4890878 2.3949985 2.4172504
1.0730761 2.4658093 2.3982874 2.4402030
1.0764719 2.4339740 2.4015086 2.4635411
1.0798677 2.4223742 2.4046494 2.4871711
1.0832635 2.3952146 2.4077338 2.5109775
1.0866593 2.3868120 2.4107051 2.5348242
1.0900552 2.4023654 2.4136293 2.5585549
1.0934510 2.3819811 2.4164837 2.5819963
1.0968468 2.3952146 2.4192457 2.6049629
1.1002426 2.3673582 2.4218583 2.6272620
1.1036384 2.3685842 2.4243595 2.6487013
1.1070342 2.3771288 2.4269067 2.6690965
1.1104300 2.3987958 2.4294089 2.6882798
1.1138258 3.5424330 2.4318505 2.7061080
1.1172216 3.2306404 2.4342749 2.7224699
1.1206174 3.0988743 2.4366205 2.7372926
1.1240133 3.0913429 2.4389494 2.7505455
1.1274091 3.1877022 2.4413159 2.7622426
1.1308049 3.2547445 2.4434188 2.7724420
1.1342007 2.4235396 2.4453121 2.7812426
1.1375965 2.4680481 2.4470858 2.7887789
1.1409923 2.4247041 2.4488351 2.7952133
1.1443881 2.4153545 2.4505611 2.8007272
1.1477839 2.4011769 2.4522187 2.8055111
1.1511797 2.3843992 2.4537585 2.8097546
1.1545756 2.3710325 2.4552244 2.8136366
1.1579714 2.3771288 2.4565472 2.8173168
1.1613672 3.4554932 2.4578041 2.8209293
1.1647630 3.0496159 2.4590006 2.8245774
1.1681588 2.9071574 2.4602089 2.8283310
1.1715546 2.8425934 2.4614103 2.8322261
1.1749504 2.7856934 2.4625792 2.8362664
1.1783462 2.7483382 2.4637054 2.8404260
1.1817420 2.7185659 2.4649211 2.8446544
1.1851378 2.6934197 2.4660665 2.8488815
1.1885337 2.6888676 2.4670706 2.8530237
1.1919295 2.6555145 2.4679936 2.8569896
1.1953253 2.6592712 2.4688282 2.8606865
1.1987211 2.6861267 2.4696183 2.8640251
1.2021169 2.6460650 2.4703263 2.8669242
1.2055127 2.6573946 2.4709528 2.8693153
1.2089085 2.6413093 2.4714812 2.8711449
1.2123043 2.6441650 2.4719269 2.8723771
1.2157001 2.6583335 2.4722855 2.8729944
1.2190960 2.6667464 2.4725505 2.8729989
1.2224918 2.6806247 2.4727625 2.8724110
1.2258876 3.1882784 2.4728466 2.8712687
1.2292834 3.8712807 2.4728922 2.8696254
1.2326792 3.8604803 2.4728741 2.8675477
1.2360750 3.4230397 2.4727826 2.8651117
1.2394708 3.3158398 2.4726107 2.8624005
1.2428666 3.2536602 2.4723437 2.8594997
1.2462624 3.2088184 2.4719317 2.8564942
1.2496582 3.1714449 2.4714847 2.8534647
1.2530541 3.1525621 2.4709520 2.8504843
1.2564499 3.1357658 2.4703599 2.8476157
1.2598457 3.1447961 2.4697130 2.8449094
1.2632415 3.1357658 2.4689789 2.8424016
1.2666373 3.1272693 2.4681919 2.8401139
1.2700331 3.1561277 2.4673261 2.8380530
1.2734289 3.1644022 2.4663937 2.8362113
1.2768247 3.1737826 2.4654193 2.8345683
1.2802205 3.2155797 2.4643812 2.8330922
1.2836164 3.2714109 2.4632666 2.8317417
1.2870122 3.3550692 2.4620804 2.8304689
1.2904080 3.5386853 2.4608339 2.8292207
1.2938038 3.7287545 2.4595528 2.8279420
1.2971996 3.4225755 2.4582418 2.8265769
1.3005954 2.7060657 2.4568623 2.8250709
1.3039912 2.5945618 2.4554454 2.8233720
1.3073870 2.6113496 2.4539727 2.8214318
1.3107828 2.6123288 2.4524914 2.8192059
1.3141786 2.6240139 2.4509541 2.8166540
1.3175745 2.6403556 2.4493769 2.8137401
1.3209703 2.6555145 2.4477814 2.8104320
1.3243661 2.6658149 2.4460740 2.8067009
1.3277619 2.6897793 2.4443084 2.8025214
1.3311577 2.7344296 2.4424935 2.7978708
1.3345535 2.7773156 2.4406880 2.7927297
1.3379493 2.8193812 2.4388712 2.7870818
1.3413451 2.9160752 2.4370556 2.7809144
1.3447409 3.0684309 2.4352537 2.7742191
1.3481368 3.6477270 2.4334252 2.7669924
1.3515326 3.1044886 2.4315996 2.7592360
1.3549284 2.6307726 2.4297818 2.7509574
1.3583242 2.5161650 2.4279684 2.7421693
1.3617200 2.4534137 2.4261436 2.7328891
1.3651158 2.4165275 2.4242841 2.7231380
1.3685116 2.3976035 2.4223343 2.7129385
1.3719074 2.3771288 2.4204038 2.7023129
1.3753032 2.3734751 2.4187251 2.6912803
1.3786990 2.3819811 2.4171218 2.6798544
1.3820949 2.3685842 2.4157537 2.6680413
1.3854907 2.3550203 2.4145424 2.6558374
1.3888865 2.3722544 2.4136994 2.6432294
1.3922823 2.3574991 2.4129492 2.6301943
1.3956781 2.3673582 2.4122662 2.6167011
1.3990739 2.3868120 2.4114896 2.6027138
1.4024697 2.3868120 2.4106724 2.5881955
1.4058655 2.3952146 2.4098244 2.5731134
1.4092613 2.4212074 2.4088976 2.5574440
1.4126571 2.4385796 2.4079587 2.5411790
1.4160530 2.4725115 2.4069327 2.5243302
1.4194488 2.5150948 2.4059001 2.5069336
1.4228446 2.5995264 2.4047871 2.4890525
1.4262404 2.8290465 2.4035862 2.4707787
1.4296362 2.4188700 2.4024657 2.4522315
1.4330320 2.0892265 2.4014067 2.4335561
1.4364278 2.0828679 2.4003542 2.4149190
1.4398236 2.0923920 2.3992950 2.3965029
1.4432194 2.1049621 2.3982246 2.3785003
1.4466153 2.0716498 2.3970051 2.3611068
1.4500111 2.0668063 2.3959260 2.3445142
1.4534069 2.0537839 2.3949810 2.3289043
1.4568027 2.0986950 2.3941312 2.3144431
1.4601985 2.1065230 2.3933761 2.3012766
1.4635943 2.0828679 2.3927164 2.2895272
1.4669901 2.1002653 2.3921103 2.2792918
1.4703859 2.0860517 2.3915893 2.2706409
1.4737817 2.0716498 2.3912093 2.2636187
1.4771775 2.1111929 2.3909731 2.2582436
1.4805734 2.1049621 2.3906280 2.2545094
1.4839692 2.1096387 2.3902616 2.2523866
1.4873650 2.1235485 2.3899117 2.2518240
1.4907608 2.1018331 2.3895604 2.2527498
1.4941566 2.0986950 2.3892575 2.2550723
1.4975524 2.1220117 2.3890431 2.2586811
1.5009482 2.1111929 2.3888402 2.2634478
1.5043440 2.0828679 2.3886413 2.2692266
1.5077398 2.1158428 2.3884799 2.2758556
1.5111357 2.0955482 2.3884010 2.2831580
1.5145315 2.0860517 2.3883015 2.2909439
1.5179273 2.1049621 2.3881922 2.2990131
1.5213231 2.1018331 2.3880774 2.3071584
1.5247189 2.0923920 2.3879450 2.3151694
1.5281147 2.7060657 2.3878100 2.3228371
1.5315105 2.6639495 2.3876744 2.3299588
1.5349063 2.5246892 2.3875277 2.3363440
1.5383021 2.4488709 2.3873846 2.3418193
1.5416979 2.3928206 2.3872419 2.3462337
1.5450938 2.3928206 2.3870514 2.3494637
1.5484896 2.3574991 2.3868875 2.3514173
1.5518854 2.3661306 2.3867416 2.3520370
1.5552812 2.3425403 2.3865854 2.3513023
1.5586770 2.3710325 2.3864269 2.3492298
1.5620728 2.3437948 2.3862700 2.3458734
1.5654686 2.3599722 2.3861237 2.3413220
1.5688644 2.4023654 2.3860183 2.3356957
1.5722602 2.4556782 2.3860009 2.3291421
1.5756561 2.6620805 2.3858903 2.3218298
1.5790519 2.1266155 2.3857618 2.3139422
1.5824477 2.0700378 2.3855888 2.3056707
1.5858435 2.0939710 2.3853766 2.2972068
1.5892393 2.0955482 2.3851658 2.2887353
1.5926351 2.0668063 2.3849011 2.2804274
1.5960309 2.0908103 2.3845826 2.2724350
1.5994267 2.1065230 2.3841816 2.2648855
1.6028225 2.0812724 2.3836790 2.2578785
1.6062183 2.0923920 2.3833200 2.2514838
1.6096142 2.1033988 2.3830526 2.2457406
1.6130100 2.1127450 2.3828769 2.2406588
1.6164058 2.0844610 2.3828016 2.2362212
1.6198016 2.1111929 2.3827260 2.2323873
1.6231974 2.1065230 2.3825422 2.2290985
1.6265932 2.1018331 2.3822950 2.2262829
1.6299890 2.1463430 2.3820253 2.2238620
1.6333848 2.1342454 2.3817908 2.2217564
1.6367806 2.1538360 2.3815198 2.2198921
1.6401764 2.1818471 2.3813069 2.2182058
1.6435723 2.1818471 2.3811217 2.2166499
1.6469681 2.2232542 2.3808557 2.2151959
1.6503639 2.2260525 2.3805069 2.2138374
1.6537597 2.2858579 2.3800558 2.2125916
1.6571555 2.3145690 2.3796023 2.2114988
1.6605513 2.3904209 2.3791078 2.2106220
1.6639471 2.4956484 2.3785639 2.2100437
1.6673429 2.6824617 2.3780298 2.2098629
1.6707387 2.9932013 2.3774660 2.2101904
1.6741346 1.7603762 2.3768834 2.2111438
1.6775304 1.7879183 2.3762430 2.2128416
1.6809262 1.7941762 2.3757297 2.2153977
1.6843220 1.8024645 2.3752913 2.2189163
1.6877178 1.8229120 2.3748037 2.2234861
1.6911136 1.8065848 2.3743624 2.2291767
1.6945094 1.8208845 2.3740259 2.2360349
1.6979052 1.8289720 2.3740711 2.2440829
1.7013010 1.8429816 2.3741166 2.2533174
1.7046968 1.8587744 2.3741287 2.2637097
1.7080927 1.8665855 2.3740952 2.2752074
1.7114885 1.8858708 2.3740617 2.2877368
1.7148843 1.9326366 2.3739607 2.3012061
1.7182801 1.9308043 2.3738591 2.3155089
1.7216759 1.9453782 2.3737161 2.3305281
1.7250717 2.6695361 2.3735151 2.3461388
1.7284675 2.3892193 2.3732707 2.3622121
1.7318633 2.3892193 2.3729657 2.3786172
1.7352591 2.4747365 2.3726961 2.3952229
1.7386550 2.9168153 2.3726067 2.4118991
1.7420508 1.9048196 2.3726612 2.4285166
1.7454466 1.8991697 2.3726704 2.4449476
1.7488424 1.8915902 2.3727131 2.4610651
1.7522382 1.8934901 2.3728316 2.4767425
1.7556340 1.9029396 2.3730341 2.4918535
1.7590298 1.8704700 2.3732737 2.5062728
1.7624256 2.6288459 2.3736064 2.5198762
1.7658214 2.7865276 2.3739378 2.5325429
1.7692172 3.0994997 2.3742644 2.5441568
1.7726131 2.9495974 2.3746388 2.5546097
1.7760089 2.7997885 2.3751056 2.5638038
1.7794047 2.7238798 2.3757420 2.5716553
1.7828005 2.6815436 2.3763884 2.5780972
1.7861963 2.6346159 2.3766536 2.5830823
1.7895921 2.6479616 2.3769183 2.5865860
1.7929879 2.6201329 2.3771073 2.5886076
1.7963837 2.6288459 2.3772954 2.5891720
1.7997795 2.6326962 2.3774745 2.5883294
1.8031754 2.6545734 2.3775565 2.5861548
1.8065712 2.7096519 2.3775543 2.5827460
1.8099670 2.8653202 2.3774835 2.5782214
1.8133628 2.5383995 2.3772950 2.5727158
1.8167586 2.4488709 2.3769923 2.5663770
1.8201544 2.4579377 2.3765946 2.5593604
1.8235502 2.4601927 2.3760803 2.5518245
1.8269460 2.4713974 2.3754696 2.5439259
1.8303418 2.5000000 2.3747147 2.5358142
1.8337376 2.4791725 2.3738316 2.5276284
1.8371335 2.4945576 2.3728547 2.5194925
1.8405293 2.5010850 2.3717152 2.5115137
1.8439251 2.4846921 2.3704248 2.5037799
1.8473209 2.5010850 2.3689776 2.4963594
1.8507167 2.4989138 2.3674310 2.4893010
1.8541125 2.4846921 2.3657109 2.4826350
1.8575083 2.4912791 2.3638557 2.4763749
1.8609041 2.4702821 2.3618294 2.4705200
1.8642999 2.4912791 2.3596160 2.4650582
1.8676957 2.4780653 2.3572332 2.4599683
1.8710916 2.4835906 2.3546904 2.4552235
1.8744874 2.4835906 2.3520276 2.4507936
1.8778832 2.4857929 2.3492248 2.4466476
1.8812790 2.4725115 2.3462784 2.4427554
1.8846748 2.4613183 2.3431643 2.4390898
1.8880706 2.4912791 2.3399050 2.4356269
1.8914664 2.4545465 2.3364930 2.4323476
1.8948622 2.4890878 2.3329106 2.4292372
1.8982580 2.4624429 2.3291665 2.4262860
1.9016539 2.4669292 2.3252625 2.4234888
1.9050497 2.4511447 2.3211827 2.4208444
1.9084455 2.4500084 2.3169745 2.4183551
1.9118413 2.4374299 2.3126166 2.4160266
1.9152371 2.4351273 2.3080548 2.4138666
1.9186329 2.4339740 2.3033282 2.4118847
1.9220287 2.4305072 2.2984536 2.4100916
1.9254245 2.4130042 2.2934276 2.4084987
1.9288203 2.3999872 2.2882518 2.4071175
1.9322161 2.4023654 2.2828921 2.4059589
1.9356120 2.3636713 2.2773710 2.4050331
1.9390078 2.3928206 2.2717104 2.4043490
1.9424036 2.3612068 2.2658940 2.4039135
1.9457994 2.3807700 2.2599231 2.4037313
1.9491952 2.3636713 2.2538096 2.4038043
1.9525910 2.3819811 2.2475380 2.4041307
1.9559868 2.3612068 2.2410835 2.4047047
1.9593826 2.3722544 2.2344765 2.4055152
1.9627784 2.3661306 2.2276600 2.4065452
1.9661743 2.3698089 2.2206541 2.4077705
1.9695701 2.3599722 2.2134215 2.4091586
1.9729659 2.3722544 2.2060583 2.4106674
1.9763617 2.3843992 2.1985785 2.4122441
1.9797575 2.3734751 2.1909822 2.4138232
1.9831533 2.3952146 2.1832914 2.4153263
1.9865491 2.3856063 2.1754409 2.4166599
1.9899449 2.3916216 2.1674726 2.4177154
1.9933407 2.3880165 2.1593814 2.4183682
1.9967365 2.3868120 2.1511573 2.4184777
2.0001324 2.4130042 2.1428214 2.4178880
2.0035282 2.4200394 2.1343429 2.4164288
2.0069240 2.4397278 2.1257003 2.4139178
2.0103198 2.4130042 2.1168739 2.4101629
2.0137156 2.4328196 2.1078929 2.4049663
2.0171114 2.3904209 2.0989644 2.3981283
2.0205072 2.4118273 2.0900521 2.3894528
2.0239030 2.4511447 2.0811468 2.3787523
2.0272988 2.4443090 2.0722379 2.3658545
2.0306947 2.4420209 2.0633017 2.3506078
2.0340905 2.4769566 2.0543711 2.3328877
2.0374863 2.5010850 2.0454550 2.3126024
2.0408821 2.5021694 2.0364792 2.2896977
2.0442779 2.5394468 2.0274112 2.2641609
2.0476737 2.5673542 2.0182613 2.2360239
2.0510695 2.6172132 2.0091473 2.2053646
2.0544653 2.6630154 2.0001749 2.1723066
2.0578611 2.7569416 1.9912017 2.1370180
2.0612569 2.9366028 1.9822029 2.0997082
2.0646528 3.1825032 1.9731803 2.0606232
2.0680486 3.3471370 1.9640574 2.0200399
2.0714444 2.9624379 1.9548947 1.9782595
2.0748402 1.2178459 1.9456819 1.9355999
2.0782360 1.2036066 1.9364211 1.8923880
2.0816318 1.1634572 1.9270917 1.8489519
2.0850276 1.2071840 1.9177179 1.8056132
2.0884234 1.1371121 1.9083017 1.7626805
2.0918192 1.2143035 1.8988252 1.7204426
2.0952151 1.1332958 1.8893347 1.6791642
2.0986109 1.1409150 1.8797581 1.6390813
2.1020067 1.1891780 1.8701256 1.6003987
2.1054025 1.1745551 1.8604461 1.5632881
2.1087983 1.1597325 1.8507967 1.5278879
2.1121941 1.2036066 1.8411395 1.4943033
2.1155899 1.2000173 1.8314869 1.4626081
2.1189857 1.1891780 1.8218185 1.4328462
2.1223815 1.1928031 1.8121221 1.4050341
2.1257773 1.1256227 1.8023700 1.3791646
2.1291732 1.1022727 1.7925542 1.3552091
2.1325690 1.1178951 1.7827161 1.3331213
2.1359648 1.1782293 1.7730244 1.3128403
2.1393606 1.1671691 1.7633709 1.2942938
2.1427564 1.1782293 1.7538441 1.2774008
2.1461522 1.1484812 1.7442985 1.2620745
2.1495480 1.0904067 1.7346197 1.2482248
2.1529438 1.1708684 1.7250627 1.2357598
2.1563396 1.0943764 1.7156579 1.2245884
2.1597354 1.1140106 1.7063664 1.2146211
2.1631313 1.0904067 1.6971895 1.2057715
2.1665271 1.1597325 1.6881017 1.1979571
2.1699229 1.1022727 1.6791150 1.1911001
2.1733187 1.1256227 1.6702102 1.1851273
2.1767145 1.1484812 1.6613768 1.1799710
2.1801103 1.1671691 1.6526284 1.1755683
2.1835061 1.1140106 1.6439412 1.1718614
2.1869019 1.1178951 1.6353093 1.1687970
2.1902977 1.1061994 1.6267484 1.1663260
2.1936936 1.1332958 1.6182399 1.1644032
2.1970894 1.0784094 1.6098001 1.1629862
2.2004852 1.1409150 1.6014134 1.1620355
2.2038810 1.1484812 1.5930764 1.1615133
2.2072768 1.1597325 1.5847787 1.1613834
2.2106726 1.1294661 1.5765283 1.1616102
2.2140684 1.1332958 1.5683499 1.1621585
2.2174642 1.1409150 1.5601955 1.1629926
2.2208600 1.1101120 1.5521099 1.1640763
2.2242558 1.1484812 1.5440532 1.1653726
2.2276517 1.1559950 1.5360530 1.1668429
2.2310475 1.0904067 1.5280713 1.1684475
2.2344433 1.1782293 1.5201327 1.1701450
2.2378391 1.1409150 1.5122543 1.1718928
2.2412349 1.2036066 1.5044213 1.1736472
2.2446307 1.1782293 1.4966407 1.1753633
2.2480265 1.1634572 1.4889052 1.1769958
2.2514223 1.1484812 1.4812179 1.1784994
2.2548181 1.1708684 1.4735590 1.1798294
2.2582140 1.1522447 1.4659177 1.1809420
2.2616098 1.1928031 1.4583229 1.1817953
2.2650056 1.1745551 1.4507896 1.1823500
2.2684014 1.2000173 1.4432646 1.1825699
2.2717972 1.1782293 1.4357908 1.1824225
2.2751930 1.1371121 1.4283358 1.1818800
2.2785888 1.2107496 1.4208559 1.1809196
2.2819846 1.1484812 1.4134702 1.1795237
2.2853804 1.1782293 1.4060967 1.1776807
2.2887762 1.1634572 1.3986338 1.1753850
2.2921721 1.2000173 1.3912407 1.1726369
2.2955679 1.1559950 1.3840217 1.1694429
2.2989637 1.1409150 1.3768902 1.1658151
2.3023595 1.2036066 1.3698204 1.1617711
2.3057553 1.1294661 1.3628563 1.1573336
2.3091511 1.1634572 1.3559271 1.1525298
2.3125469 1.1371121 1.3490665 1.1473907
2.3159427 1.1256227 1.3422704 1.1419503
2.3193385 1.1371121 1.3355826 1.1362451
2.3227344 1.1371121 1.3289943 1.1303134
2.3261302 1.1140106 1.3224879 1.1241942
2.3295260 1.1178951 1.3160663 1.1179268
2.3329218 1.1178951 1.3097634 1.1115499
2.3363176 1.0662782 1.3035340 1.1051013
2.3397134 1.0248328 1.2973978 1.0986170
2.3431092 1.0332494 1.2913459 1.0921310
2.3465050 1.0743808 1.2854197 1.0856746
2.3499008 1.0581146 1.2795548 1.0792766
2.3532966 1.0374333 1.2738130 1.0729627
2.3566925 1.0622041 1.2681540 1.0667557
2.3600883 1.0662782 1.2625963 1.0606752
2.3634841 1.0120842 1.2571512 1.0547377
2.3668799 1.0374333 1.2518023 1.0489569
2.3702757 1.0416012 1.2465467 1.0433436
2.3736715 1.0205998 1.2414040 1.0379062
2.3770673 1.0078013 1.2363491 1.0326506
2.3804631 1.0078013 1.2314266 1.0275806
2.3838589 1.0332494 1.2266057 1.0226983
2.3872547 0.9817424 1.2219071 1.0180039
2.3906506 1.0078013 1.2173377 1.0134965
2.3940464 1.0035013 1.2129204 1.0091742
2.3974422 0.9684746 1.2086756 1.0050338
2.4008380 0.9505281 1.2045232 1.0010717
2.4042338 0.9817424 1.2004219 0.9972837
2.4076296 0.9861292 1.1963712 0.9936654
2.4110254 0.9459948 1.1923582 0.9902118
2.4144212 0.9414425 1.1884356 0.9869182
2.4178170 0.9276696 1.1845759 0.9837796
2.4212129 0.9991843 1.1808158 0.9807911
2.4246087 0.9459948 1.1771382 0.9779481
2.4280045 0.9183898 1.1734937 0.9752461
2.4314003 0.9322799 1.1699676 0.9726806
2.4347961 0.9948500 1.1665346 0.9702476
2.4381919 0.9773378 1.1631685 0.9679432
2.4415877 0.9729152 1.1599565 0.9657638
2.4449835 0.9640157 1.1568804 0.9637060
2.4483793 0.9550426 1.1539688 0.9617668
2.4517751 0.9276696 1.1511665 0.9599432
2.4551710 1.0035013 1.1484858 0.9582326
2.4585668 0.8948371 1.1459319 0.9566324
2.4619626 0.9137199 1.1434726 0.9551403
2.4653584 0.9861292 1.1410947 0.9537540
2.4687542 0.9861292 1.1388397 0.9524715
2.4721500 0.9137199 1.1366756 0.9512908
2.4755458 0.9043196 1.1345703 0.9502099
2.4789416 0.9595385 1.1325587 0.9492268
2.4823374 0.8900646 1.1306641 0.9483398
2.4857333 0.9684746 1.1288448 0.9475470
2.4891291 0.9090299 1.1271259 0.9468464
2.4925249 0.9183898 1.1254907 0.9462363
2.4959207 0.9230396 1.1239879 0.9457147
2.4993165 0.9183898 1.1225964 0.9452798
2.5027123 0.9368708 1.1212604 0.9449295
2.5061081 0.9505281 1.1200629 0.9446619
2.5095039 0.9276696 1.1189691 0.9444749
2.5128997 0.9322799 1.1180495 0.9443666
2.5162955 0.9640157 1.1172208 0.9443349
2.5196914 0.9414425 1.1165705 0.9443776
2.5230872 0.9183898 1.1160459 0.9444926
2.5264830 0.9090299 1.1157331 0.9446778
2.5298788 0.9550426 1.1156695 0.9449309
2.5332746 0.9505281 1.1156913 0.9452499
2.5366704 0.9276696 1.1156903 0.9456323
2.5400662 0.9817424 1.1156924 0.9460760
2.5434620 0.9230396 1.1157239 0.9465788
2.5468578 0.9550426 1.1157806 0.9471382
2.5502537 0.9137199 1.1158926 0.9477522
2.5536495 0.9505281 1.1160629 0.9484182
2.5570453 0.8948371 1.1162551 0.9491341
2.5604411 0.9684746 1.1164584 0.9498976
2.5638369 0.9505281 1.1167261 0.9507063
2.5672327 0.9276696 1.1170164 0.9515580
2.5706285 0.9684746 1.1173628 0.9524504
2.5740243 0.9322799 1.1177455 0.9533812
2.5774201 0.9137199 1.1181677 0.9543482
2.5808159 0.8804563 1.1186285 0.9553493
2.5842118 0.9640157 1.1191206 0.9563825
2.5876076 0.9640157 1.1196113 0.9574459
2.5910034 0.9729152 1.1201460 0.9585377
2.5943992 0.9595385 1.1206996 0.9596564
2.5977950 0.9322799 1.1212923 0.9608008
2.6011908 0.9904984 1.1219072 0.9619701
2.6045866 0.9276696 1.1225548 0.9631638
2.6079824 1.0163505 1.1232147 0.9643821
2.6113782 0.9640157 1.1238788 0.9656257
2.6147740 0.9948500 1.1245698 0.9668960
2.6181699 0.9595385 1.1252710 0.9681952
2.6215657 0.9368708 1.1259917 0.9695263
2.6249615 0.9773378 1.1266985 0.9708933
2.6283573 0.9729152 1.1274464 0.9723009
2.6317531 0.9505281 1.1281654 0.9737551
2.6351489 1.0078013 1.1289281 0.9752629
2.6385447 0.9640157 1.1296682 0.9768322
2.6419405 0.9550426 1.1303939 0.9784721
2.6453363 0.9595385 1.1311646 0.9801928
2.6487322 0.9991843 1.1318773 0.9820054
2.6521280 0.9368708 1.1326033 0.9839223
2.6555238 0.9773378 1.1333114 0.9859566
2.6589196 1.0205998 1.1340031 0.9881227
2.6623154 1.0205998 1.1346648 0.9904357
2.6657112 0.9861292 1.1353250 0.9929117
2.6691070 0.9414425 1.1359625 0.9955675
2.6725028 1.0457532 1.1365611 0.9984208
2.6758986 0.9817424 1.1371883 1.0014897
2.6792944 0.9550426 1.1377624 1.0047929
2.6826903 0.9817424 1.1383181 1.0083493
2.6860861 1.0035013 1.1388568 1.0121776
2.6894819 0.9861292 1.1393561 1.0162962
2.6928777 1.0120842 1.1398449 1.0207228
2.6962735 0.9948500 1.1403164 1.0254734
2.6996693 1.0120842 1.1407678 1.0305622
2.7030651 1.0035013 1.1411900 1.0360004
2.7064609 1.0457532 1.1415863 1.0417957
2.7098567 1.0163505 1.1419571 1.0479511
2.7132526 1.0662782 1.1423065 1.0544636
2.7166484 1.0662782 1.1426461 1.0613239
2.7200442 1.0290493 1.1429567 1.0685147
2.7234400 1.0332494 1.1432457 1.0760099
2.7268358 1.0703371 1.1435381 1.0837738
2.7302316 1.0662782 1.1437857 1.0917609
2.7336274 1.0864223 1.1440503 1.0999150
2.7370232 1.0622041 1.1442964 1.1081698
2.7404190 1.0943764 1.1445517 1.1164490
2.7438148 1.0784094 1.1447864 1.1246674
2.7472107 1.0743808 1.1449979 1.1327327
2.7506065 1.0784094 1.1451878 1.1405465
2.7540023 1.1559950 1.1453919 1.1480074
2.7573981 1.1217657 1.1455906 1.1550131
2.7607939 1.1371121 1.1457831 1.1614633
2.7641897 1.1217657 1.1459861 1.1672627
2.7675855 1.1409150 1.1462169 1.1723239
2.7709813 1.1484812 1.1464569 1.1765700
2.7743771 1.2000173 1.1467488 1.1799371
2.7777730 1.1782293 1.1470757 1.1823762
2.7811688 1.1928031 1.1474517 1.1838551
2.7845646 1.1964163 1.1478587 1.1843586
2.7879604 1.2284042 1.1483765 1.1838896
2.7913562 1.2830441 1.1489593 1.1824681
2.7947520 1.2143035 1.1496517 1.1801305
2.7981478 1.2284042 1.1504293 1.1769284
2.8015436 1.2036066 1.1513164 1.1729264
2.8049394 1.2036066 1.1522891 1.1682001
2.8083352 1.2319009 1.1533579 1.1628333
2.8117311 1.1891780 1.1544708 1.1569162
2.8151269 1.2000173 1.1556709 1.1505420
2.8185227 1.1818911 1.1569138 1.1438053
2.8219185 1.1484812 1.1582151 1.1367994
2.8253143 1.1597325 1.1595901 1.1296148
2.8287101 0.9729152 1.1609872 1.1223371
2.8321059 1.1371121 1.1624471 1.1150464
2.8355017 1.1371121 1.1639781 1.1078158
2.8388975 1.1061994 1.1655341 1.1007110
2.8422934 1.0743808 1.1671395 1.0937901
2.8456892 1.1217657 1.1688583 1.0871034
2.8490850 1.1101120 1.1706182 1.0806939
2.8524808 1.0864223 1.1724601 1.0745974
2.8558766 1.0498894 1.1743854 1.0688429
2.8592724 1.0784094 1.1763712 1.0634537
2.8626682 1.0416012 1.1784953 1.0584475
2.8660640 1.0540099 1.1806952 1.0538373
2.8694598 1.0248328 1.1830015 1.0496323
2.8728556 1.0205998 1.1853794 1.0458381
2.8762515 1.0290493 1.1878490 1.0424577
2.8796473 1.0374333 1.1904658 1.0394918
2.8830431 1.0078013 1.1931564 1.0369395
2.8864389 1.0035013 1.1959897 1.0347985
2.8898347 1.0078013 1.1989172 1.0330658
2.8932305 1.0498894 1.2019585 1.0317379
2.8966263 1.0540099 1.2051027 1.0308110
2.9000221 1.0205998 1.2083818 1.0302815
2.9034179 1.0120842 1.2118305 1.0301461
2.9068137 1.0163505 1.2154122 1.0304020
2.9102096 1.0120842 1.2191290 1.0310474
2.9136054 0.9904984 1.2230314 1.0320813
2.9170012 0.9948500 1.2271404 1.0335038
2.9203970 1.0205998 1.2314060 1.0353167
2.9237928 0.9729152 1.2358150 1.0375234
2.9271886 1.0416012 1.2405053 1.0401291
2.9305844 1.0120842 1.2453207 1.0431413
2.9339802 1.0332494 1.2501729 1.0465702
2.9373760 1.0374333 1.2551669 1.0504286
2.9407719 1.0248328 1.2603002 1.0547328
2.9441677 1.0622041 1.2655151 1.0595025
2.9475635 1.0416012 1.2708931 1.0647614
2.9509593 1.0078013 1.2764093 1.0705377
2.9543551 1.0035013 1.2820946 1.0768639
2.9577509 1.0498894 1.2879560 1.0837772
2.9611467 1.0743808 1.2939843 1.0913197
2.9645425 1.0662782 1.3000066 1.0995379
2.9679383 1.0662782 1.3061273 1.1084824
2.9713341 1.1061994 1.3123334 1.1182069
2.9747300 1.0943764 1.3186577 1.1287671
2.9781258 1.1140106 1.3250470 1.1402186
2.9815216 1.1217657 1.3315264 1.1526154
2.9849174 1.0662782 1.3385394 1.1660059
2.9883132 1.0983317 1.3460350 1.1804305
2.9917090 1.1409150 1.3538022 1.1959169
2.9951048 1.1708684 1.3619201 1.2124759
2.9985006 1.1256227 1.3702180 1.2300969
3.0018964 1.1708684 1.3786650 1.2487425
3.0052923 1.1818911 1.3873507 1.2683445
3.0086881 1.2178459 1.3961985 1.2887991
3.0120839 1.2457764 1.4051829 1.3099641
3.0154797 1.2213768 1.4142873 1.3316563
3.0188755 1.2353864 1.4235416 1.3536515
3.0222713 1.2662625 1.4329491 1.3756853
3.0256671 1.2995698 1.4425259 1.3974572
3.0290629 1.3445477 1.4522476 1.4186358
3.0324587 1.3755709 1.4620775 1.4388675
3.0358545 1.4379697 1.4720490 1.4577862
3.0392504 1.4608281 1.4821566 1.4750258
3.0426462 1.5159534 1.4924125 1.4902332
3.0460420 1.6184574 1.5032062 1.5030828
3.0494378 1.7299128 1.5142580 1.5132904
3.0528336 1.9048196 1.5255442 1.5206265
3.0562294 2.1919875 1.5371285 1.5249282
3.0596252 2.5581312 1.5489478 1.5261084
3.0630210 2.3412845 1.5607761 1.5241628
3.0664168 1.9271301 1.5727302 1.5191723
3.0698127 1.6871529 1.5847965 1.5113031
3.0732085 1.5425009 1.5968563 1.5008027
3.0766043 1.4551585 1.6089982 1.4879920
3.0800001 1.3601701 1.6211718 1.4732550
3.0833959 1.3476902 1.6334726 1.4570266
3.0867917 1.2896847 1.6458862 1.4397776
3.0901875 1.2284042 1.6581895 1.4220000
3.0935833 1.2353864 1.6704748 1.4041919
3.0969791 1.2178459 1.6827333 1.3868430
3.1003749 1.1891780 1.6950251 1.3704219
3.1037708 1.1332958 1.7073057 1.3553647
3.1071666 1.1745551 1.7196231 1.3420665
3.1105624 1.1855407 1.7319553 1.3308743
3.1139582 1.1140106 1.7443214 1.3220827
3.1173540 1.1597325 1.7566921 1.3159315
3.1207498 1.1256227 1.7690645 1.3126053
3.1241456 1.1597325 1.7814225 1.3122341
3.1275414 1.1671691 1.7937728 1.3148954
3.1309372 1.1597325 1.8061641 1.3206170
3.1343330 1.1371121 1.8185510 1.3293804
3.1377289 1.1708684 1.8309169 1.3411247
3.1411247 1.1671691 1.8433062 1.3557507
3.1445205 1.1294661 1.8556839 1.3731255
3.1479163 1.1708684 1.8680374 1.3930872
3.1513121 1.2071840 1.8803890 1.4154501
3.1547079 1.1855407 1.8927956 1.4400107
3.1581037 1.2000173 1.9052728 1.4665542
3.1614995 1.1891780 1.9177272 1.4948603
3.1648953 1.2284042 1.9299385 1.5247115
3.1682912 1.2353864 1.9419407 1.5558992
3.1716870 1.2594767 1.9537751 1.5882309
3.1750828 2.1403112 1.9654908 1.6215363
3.1784786 2.1357651 1.9770990 1.6556724
3.1818744 1.9252882 1.9885530 1.6905265
3.1852702 1.8724072 1.9998850 1.7260177
3.1886660 1.8065848 2.0110601 1.7620963
3.1920618 1.8389974 2.0220669 1.7987400
3.1954576 1.7795181 2.0329285 1.8359482
3.1988534 1.8003982 2.0436365 1.8737348
3.2022493 1.8024645 2.0541885 1.9121180
3.2056451 1.8086392 2.0645654 1.9511106
3.2090409 1.8289720 2.0746933 1.9907090
3.2124367 1.8953866 2.0846727 2.0308836
3.2158325 1.9234433 2.0944677 2.0715700
3.2192283 1.9774711 2.1040490 2.1126635
3.2226241 2.0289376 2.1134187 2.1540151
3.2260199 2.1312001 2.1225692 2.1954316
3.2294157 2.2937639 2.1315393 2.2366790
3.2328116 2.7042680 2.1402583 2.2774880
3.2362074 1.7165906 2.1487300 2.3175634
3.2396032 1.7646593 2.1569537 2.3565944
3.2429990 1.8045266 2.1649589 2.3942663
3.2463948 2.6797051 2.1726876 2.4302720
3.2497906 3.6317656 2.1801616 2.4643236
3.2531864 3.0697167 2.1873815 2.4961609
3.2565822 2.8989182 2.1942929 2.5255592
3.2599780 2.8209982 2.2008837 2.5523335
3.2633738 2.7431436 2.2071208 2.5763410
3.2667697 2.7612176 2.2130789 2.5974801
3.2701655 2.7552261 2.2188433 2.6156888
3.2735613 2.7353039 2.2243828 2.6309405
3.2769571 2.6508000 2.2296938 2.6432395
3.2803529 2.6044683 2.2347515 2.6526167
3.2837487 2.5415387 2.2395695 2.6591254
3.2871445 2.4791725 2.2441454 2.6628380
3.2905403 2.4511447 2.2484572 2.6638441
3.2939361 3.3411493 2.2525224 2.6622494
3.2973320 2.9869795 2.2562940 2.6581757
3.3007278 2.8425934 2.2598058 2.6517618
3.3041236 2.7756324 2.2630082 2.6431642
3.3075194 2.7247629 2.2659384 2.6325582
3.3109152 2.6916013 2.2685780 2.6201376
3.3143110 2.6852117 2.2710000 2.6061148
3.3177068 2.6934197 2.2731235 2.5907185
3.3211026 2.7060657 2.2747981 2.5741915
3.3244984 2.7132263 2.2764326 2.5567866
3.3278942 2.7705667 2.2779396 2.5387623
3.3312901 2.8512702 2.2793734 2.5203778
3.3346859 3.0938592 2.2806186 2.5018879
3.3380817 3.1399894 2.2816873 2.4835377
3.3414775 2.1049621 2.2825821 2.4655580
3.3448733 2.0860517 2.2832658 2.4481613
3.3482691 2.0892265 2.2838144 2.4315383
3.3516649 2.0422597 2.2841800 2.4158552
3.3550607 2.0684233 2.2843671 2.4012520
3.3584565 2.0455647 2.2843319 2.3878413
3.3618523 2.0488598 2.2841158 2.3757073
3.3652482 2.0356190 2.2837417 2.3649061
3.3686440 2.0289376 2.2832030 2.3554654
3.3720398 2.0505037 2.2825308 2.3473850
3.3754356 2.0389442 2.2818566 2.3406377
3.3788314 2.0422597 2.2811664 2.3351697
3.3822272 2.0488598 2.2802296 2.3309019
3.3856230 2.0812724 2.2791363 2.3277312
3.3890188 2.0908103 2.2778072 2.3255327
3.3924146 2.0780742 2.2763714 2.3241616
3.3958105 2.0876403 2.2747545 2.3234566
3.3992063 2.1158428 2.2729399 2.3232430
3.4026021 2.1281459 2.2710318 2.3233374
3.4059979 2.1403112 2.2689921 2.3235518
3.4093937 2.1463430 2.2668504 2.3236990
3.4127895 2.2316275 2.2645698 2.3235978
3.4161853 2.2048874 2.2621873 2.3230780
3.4195811 2.3222692 2.2596950 2.3219859
3.4229769 2.3831909 2.2571104 2.3201881
3.4263727 2.4802787 2.2543166 2.3175758
3.4297686 2.5744736 2.2514771 2.3140672
3.4331644 2.6639495 2.2486930 2.3096094
3.4365602 2.6432142 2.2459002 2.3041791
3.4399560 2.5785210 2.2431058 2.2977815
3.4433518 2.4725115 2.2403276 2.2904492
3.4467476 2.4235396 2.2375537 2.2822393
3.4501434 2.3831909 2.2347239 2.2732299
3.4535392 2.3184259 2.2318623 2.2635162
3.4569350 2.2658377 2.2289475 2.2532062
3.4603309 2.2481828 2.2260066 2.2424164
3.4637267 2.1963046 2.2230448 2.2312673
3.4671225 2.1760097 2.2200191 2.2198794
3.4705183 2.1508451 2.2170011 2.2083701
3.4739141 2.1372824 2.2139600 2.1968503
3.4773099 2.1312001 2.2109566 2.1854225
3.4807057 2.1173885 2.2080164 2.1741789
3.4841015 2.0923920 2.2052117 2.1632006
3.4874973 2.1002653 2.2024140 2.1525571
3.4908931 2.0908103 2.1995027 2.1423065
3.4942890 2.0923920 2.1964600 2.1324961
3.4976848 2.0537839 2.1931610 2.1231629
3.5010806 2.0488598 2.1899365 2.1143355
3.5044764 2.0570543 2.1869471 2.1060348
3.5078722 2.0406034 2.1840469 2.0982758
3.5112680 2.0439134 2.1812430 2.0910690
3.5146638 2.0406034 2.1784947 2.0844220
3.5180596 2.0238993 2.1758116 2.0783407
3.5214554 1.9844759 2.1731864 2.0728311
3.5248513 2.0120516 2.1705983 2.0679000
3.5282471 2.0086429 2.1680277 2.0635567
3.5316429 2.0238993 2.1654759 2.0598136
3.5350387 2.0086429 2.1628633 2.0566868
3.5384345 1.9983513 2.1602924 2.0541968
3.5418303 1.9774711 2.1578264 2.0523682
3.5452261 1.9983513 2.1553950 2.0512296
3.5486219 2.0035093 2.1529710 2.0508124
3.5520177 2.0000734 2.1504812 2.0511497
3.5554135 2.0137522 2.1479942 2.0522743
3.5588094 2.0238993 2.1457135 2.0542157
3.5622052 1.9931688 2.1436018 2.0569977
3.5656010 1.9931688 2.1415628 2.0606345
3.5689968 1.9966266 2.1395996 2.0651269
3.5723926 1.9948993 2.1377302 2.0704585
3.5757884 1.9931688 2.1358566 2.0765923
3.5791842 2.0120516 2.1340099 2.0834672
3.5825800 1.9914359 2.1321926 2.0909961
3.5859758 2.0017929 2.1303776 2.0990646
3.5893717 1.9897001 2.1285255 2.1075316
3.5927675 2.0069342 2.1268090 2.1162314
3.5961633 2.0255814 2.1251764 2.1249772
3.5995591 2.0339525 2.1236056 2.1335674
3.6029549 2.0389442 2.1221009 2.1417924
3.6063507 2.0796745 2.1206507 2.1494431
3.6097465 2.0716498 2.1192870 2.1563205
3.6131423 2.1096387 2.1179745 2.1622448
3.6165381 2.1538360 2.1166224 2.1670643
3.6199339 2.2119884 2.1152607 2.1706638
3.6233298 3.5715518 2.1138945 2.1729700
3.6267256 2.2644897 2.1125424 2.1739560
3.6301214 2.1803906 2.1112072 2.1736424
3.6335172 2.1281459 2.1098499 2.1720957
3.6369130 2.0939710 2.1085120 2.1694244
3.6403088 2.0876403 2.1071479 2.1657728
3.6437046 2.0700378 2.1057500 2.1613123
3.6471004 2.0651870 2.1042855 2.1562321
3.6504962 2.0635653 2.1028633 2.1507287
3.6538920 2.0488598 2.1014560 2.1449960
3.6572879 2.0272608 2.1000744 2.1392159
3.6606837 2.0372829 2.0987149 2.1335502
3.6640795 2.0389442 2.0973828 2.1281345
3.6674753 2.0322833 2.0960866 2.1230743
3.6708711 2.0439134 2.0948269 2.1184429
3.6742669 2.0764716 2.0936128 2.1142815
3.6776627 2.0488598 2.0924427 2.1106018
3.6810585 2.0205274 2.0913426 2.1073893
3.6844543 2.0439134 2.0903750 2.1046084
3.6878502 2.0844610 2.0893094 2.1022080
3.6912460 2.0812724 2.0881952 2.1001272
3.6946418 2.0876403 2.0870675 2.0983013
3.6980376 2.0635653 2.0859127 2.0966666
3.7014334 2.0505037 2.0847594 2.0951649
3.7048292 2.0844610 2.0836242 2.0937470
3.7082250 2.0537839 2.0824889 2.0923745
3.7116208 2.0651870 2.0813606 2.0910212
3.7150166 2.0700378 2.0802539 2.0896731
3.7184124 2.0651870 2.0791638 2.0883274
3.7218083 2.0422597 2.0780489 2.0869913
3.7252041 2.0700378 2.0769375 2.0856793
3.7285999 2.0222147 2.0758398 2.0844112
3.7319957 2.0812724 2.0747598 2.0832093
3.7353915 2.0619411 2.0737033 2.0820966
3.7387873 2.0537839 2.0726812 2.0810938
3.7421831 2.0372829 2.0717176 2.0802185
3.7455789 2.0339525 2.0707969 2.0794830
3.7489747 2.0339525 2.0699271 2.0788945
3.7523706 2.0372829 2.0692933 2.0784540
3.7557664 2.0406034 2.0687078 2.0781571
3.7591622 2.0439134 2.0680493 2.0779943
3.7625580 2.0472136 2.0673969 2.0779520
3.7659538 2.0439134 2.0667579 2.0780136
3.7693496 2.0272608 2.0661340 2.0781607
3.7727454 2.0103486 2.0654953 2.0783746
3.7761412 2.0154500 2.0649091 2.0786372
3.7795370 2.0086429 2.0643584 2.0789325
3.7829328 2.0000734 2.0638465 2.0792473
3.7863287 2.0017929 2.0633339 2.0795717
3.7897245 2.0222147 2.0628643 2.0799000
3.7931203 2.0188377 2.0624357 2.0802310
3.7965161 2.0086429 2.0620257 2.0805677
3.7999119 2.0069342 2.0616676 2.0809172
3.8033077 2.0103486 2.0613440 2.0812906
3.8067035 2.0017929 2.0610259 2.0817024
3.8100993 2.0505037 2.0607522 2.0821703
3.8134951 2.0322833 2.0604990 2.0827138
3.8168910 2.0389442 2.0602770 2.0833546
3.8202868 2.0171449 2.0600918 2.0841154
3.8236826 2.0472136 2.0599557 2.0850196
3.8270784 2.0586855 2.0598602 2.0860907
3.8304742 2.0289376 2.0597871 2.0873521
3.8338700 2.0322833 2.0597529 2.0888267
3.8372658 2.0488598 2.0597366 2.0905368
3.8406616 2.0537839 2.0597973 2.0925040
3.8440574 2.0389442 2.0598862 2.0947487
3.8474532 2.0238993 2.0600136 2.0972908
3.8508491 2.0289376 2.0601635 2.1001490
3.8542449 2.0603147 2.0603664 2.1033411
3.8576407 2.0554202 2.0605817 2.1068842
3.8610365 2.0716498 2.0608436 2.1107939
3.8644323 2.0700378 2.0610883 2.1150849
3.8678281 2.0603147 2.0612956 2.1197703
3.8712239 2.0908103 2.0616901 2.1248611
3.8746197 2.0505037 2.0622370 2.1303663
3.8780155 2.1096387 2.0628923 2.1362918
3.8814113 2.1065230 2.0636353 2.1426397
3.8848072 2.0764716 2.0644454 2.1494080
3.8882030 2.0828679 2.0653336 2.1565891
3.8915988 2.0939710 2.0663511 2.1641695
3.8949946 2.1111929 2.0674802 2.1721284
3.8983904 2.1033988 2.0686998 2.1804374
3.9017862 2.1418223 2.0699787 2.1890591
3.9051820 2.1342454 2.0713489 2.1979469
3.9085778 2.1523416 2.0727531 2.2070444
3.9119736 2.1818471 2.0742403 2.2162854
3.9153695 2.1745455 2.0757790 2.2255936
3.9187653 2.1803906 2.0774059 2.2348832
3.9221611 2.2034616 2.0790939 2.2440598
3.9255569 2.2148159 2.0808841 2.2530214
3.9289527 2.2481828 2.0827685 2.2616598
3.9323485 2.2871795 2.0845792 2.2698631
3.9357443 2.2738900 2.0862851 2.2775172
3.9391401 2.3081100 2.0879068 2.2845093
3.9425359 2.3462992 2.0895266 2.2907301
3.9459317 2.3783438 2.0912634 2.2960775
3.9493276 2.4247041 2.0931085 2.3004590
3.9527234 2.5010850 2.0950605 2.3037957
3.9561192 2.5704110 2.0970604 2.3060243
3.9595150 2.6943278 2.0991384 2.3071001
3.9629108 2.9474425 2.1012453 2.3069986
3.9663066 3.6649432 2.1034142 2.3057171
3.9697024 2.4488709 2.1055935 2.3032750
3.9730982 2.1266155 2.1078444 2.2997139
3.9764940 2.0406034 2.1101077 2.2950958
3.9798899 1.9966266 2.1124154 2.2895021
3.9832857 2.0120516 2.1147439 2.2830303
3.9866815 2.0000734 2.1171111 2.2757909
3.9900773 2.0052233 2.1194601 2.2679042
3.9934731 1.9792266 2.1218583 2.2594962
3.9968689 1.9897001 2.1242638 2.2506954
4.0002647 1.9862201 2.1266694 2.2416287
4.0036605 1.9561815 2.1290916 2.2324194
4.0070563 2.0052233 2.1315072 2.2231844
4.0104521 2.0255814 2.1339291 2.2140329
4.0138480 2.0356190 2.1363574 2.2050658
4.0172438 2.0339525 2.1387706 2.1963758
4.0206396 2.0455647 2.1411639 2.1880483
4.0240354 2.0554202 2.1435008 2.1801625
4.0274312 2.0635653 2.1458890 2.1727936
4.0308270 2.0389442 2.1482620 2.1660142
4.0342228 2.0289376 2.1506759 2.1598959
4.0376186 1.9966266 2.1530857 2.1545115
4.0410144 2.0069342 2.1554743 2.1499348
4.0444103 1.9983513 2.1578436 2.1462418
4.0478061 1.9543885 2.1602263 2.1435093
4.0512019 1.9381156 2.1625736 2.1418138
4.0545977 1.8934901 2.1649087 2.1412291
4.0579935 1.8801211 2.1672288 2.1418231
4.0613893 1.8626870 2.1695095 2.1436546
4.0647851 1.8086392 2.1717772 2.1467687
4.0681809 1.8127363 2.1740075 2.1511931
4.0715767 1.7774079 2.1762258 2.1569339
4.0749725 1.7752935 2.1784245 2.1639722
4.0783684 1.8106897 2.1805595 2.1722617
4.0817642 1.7277037 2.1826552 2.1817262
4.0851600 1.7387042 2.1847214 2.1922603
4.0885558 1.7232721 2.1867298 2.2037294
4.0919516 1.7076176 2.1887132 2.2159727
4.0953474 1.6086317 2.1906198 2.2288067
4.0987432 1.7098678 2.1924661 2.2420304
4.1021390 3.6058073 2.1942917 2.2554313
4.1055348 2.9538944 2.1960368 2.2687924
4.1089306 2.7431436 2.1977338 2.2818990
4.1123265 2.6220751 2.1993625 2.2945457
4.1157223 2.5457108 2.2009441 2.3065432
4.1191181 2.4978263 2.2024449 2.3177240
4.1225139 2.4235396 2.2039091 2.3279464
4.1259097 2.3831909 2.2052748 2.3370984
4.1293055 2.3260989 2.2066112 2.3450984
4.1327013 2.3029151 2.2078469 2.3518961
4.1360971 2.2631402 2.2089381 2.3574704
4.1394929 2.2454412 2.2100117 2.3618273
4.1428888 2.2232542 2.2111082 2.3649963
4.1462846 2.2020340 2.2121584 2.3670258
4.1496804 3.1905797 2.2131570 2.3679788
4.1530762 2.7873611 2.2141002 2.3679286
4.1564720 2.6479616 2.2150186 2.3669541
4.1598678 2.5845644 2.2159055 2.3651365
4.1632636 2.5204353 2.2167066 2.3625562
4.1666594 2.4912791 2.2174793 2.3592904
4.1700552 2.4500084 2.2182111 2.3554119
4.1734510 2.4047387 2.2188685 2.3509885
4.1768469 2.3964097 2.2195133 2.3460827
4.1802427 2.3734751 2.2201055 2.3407524
4.1836385 2.3722544 2.2206488 2.3350512
4.1870343 2.3387680 2.2211242 2.3290301
4.1904301 2.3450477 2.2215768 2.3227376
4.1938259 2.3260989 2.2219659 2.3162209
4.1972217 2.3260989 2.2223403 2.3095266
4.2006175 2.2481828 2.2226618 2.3027009
4.2040133 2.2509179 2.2229484 2.2957898
4.2074092 2.2858579 2.2231946 2.2888387
4.2108050 2.2685285 2.2234000 2.2818924
4.2142008 2.2671838 2.2235877 2.2749943
4.2175966 2.2413156 2.2236980 2.2681859
4.2209924 2.2357903 2.2238482 2.2615062
4.2243882 2.2413156 2.2240191 2.2549907
4.2277840 2.2536459 2.2241723 2.2486716
4.2311798 2.2232542 2.2243427 2.2425767
4.2345756 2.2190433 2.2245284 2.2367294
4.2379714 2.2134030 2.2247044 2.2311486
4.2413673 2.2204487 2.2248746 2.2258489
4.2447631 2.2091537 2.2250532 2.2208404
4.2481589 2.2091537 2.2252222 2.2161291
4.2515547 2.2020340 2.2254163 2.2117176
4.2549505 2.2034616 2.2256239 2.2076051
4.2583463 2.1991730 2.2258496 2.2037883
4.2617421 2.2034616 2.2261147 2.2002613
4.2651379 2.1803906 2.2264087 2.1970168
4.2685337 2.1963046 2.2269917 2.1940460
4.2719296 2.1847539 2.2277143 2.1913392
4.2753254 2.1701410 2.2285202 2.1888862
4.2787212 2.1716111 2.2294414 2.1866763
4.2821170 2.1876531 2.2304401 2.1846989
4.2855128 2.1774719 2.2315860 2.1829436
4.2889086 2.1847539 2.2328502 2.1814000
4.2923044 2.1948674 2.2342329 2.1800584
4.2957002 2.1760097 2.2357861 2.1789091
4.2990960 2.1568189 2.2376256 2.1779431
4.3024918 2.1833014 2.2394571 2.1771516
4.3058877 2.1583071 2.2412986 2.1765264
4.3092835 2.1862044 2.2431311 2.1760595
4.3126793 2.1508451 2.2449641 2.1757431
4.3160751 2.1774719 2.2468291 2.1755699
4.3194709 2.1818471 2.2487173 2.1755327
4.3228667 2.1760097 2.2506726 2.1756245
4.3262625 2.1730793 2.2526752 2.1758384
4.3296583 2.1789322 2.2546380 2.1761676
4.3330541 2.1847539 2.2567108 2.1766054
4.3364500 2.1876531 2.2590715 2.1771452
4.3398458 2.1862044 2.2615654 2.1777803
4.3432416 2.1818471 2.2640971 2.1785041
4.3466374 2.1716111 2.2667111 2.1793101
4.3500332 2.1948674 2.2693854 2.1801915
4.3534290 2.1296740 2.2720903 2.1811419
4.3568248 2.2034616 2.2748488 2.1821546
4.3602206 2.1730793 2.2776675 2.1832231
4.3636164 2.1963046 2.2805245 2.1843411
4.3670122 2.1730793 2.2832308 2.1855019
4.3704081 2.1403112 2.2861114 2.1866994
4.3738039 2.1760097 2.2893658 2.1879274
4.3771997 2.1905446 2.2928773 2.1891797
4.3805955 2.1789322 2.2965411 2.1904508
4.3839913 2.1686687 2.3003543 2.1917350
4.3873871 2.1818471 2.3043034 2.1930274
4.3907829 2.1671944 2.3083828 2.1943231
4.3941787 2.1671944 2.3125424 2.1956182
4.3975745 2.1862044 2.3168422 2.1969094
4.4009703 2.1538360 2.3212494 2.1981941
4.4043662 2.1789322 2.3257300 2.1994710
4.4077620 2.1803906 2.3303007 2.2007400
4.4111578 2.1745455 2.3349838 2.2020027
4.4145536 2.1627598 2.3397204 2.2032624
4.4179494 2.1627598 2.3445267 2.2045249
4.4213452 2.1745455 2.3494142 2.2057986
4.4247410 2.1760097 2.3544041 2.2070951
4.4281368 2.1818471 2.3594703 2.2084299
4.4315326 2.1627598 2.3645743 2.2098227
4.4349285 2.1833014 2.3697264 2.2112986
4.4383243 2.1833014 2.3749747 2.2128884
4.4417201 2.1774719 2.3801985 2.2146297
4.4451159 2.1833014 2.3853612 2.2165678
4.4485117 2.1760097 2.3905979 2.2187563
4.4519075 2.1789322 2.3960171 2.2212581
4.4553033 2.1818471 2.4015617 2.2241460
4.4586991 2.1833014 2.4072445 2.2275030
4.4620949 2.1774719 2.4130938 2.2314224
4.4654907 2.2048874 2.4191612 2.2360074
4.4688866 2.1774719 2.4251007 2.2413696
4.4722824 2.1862044 2.4310446 2.2476280
4.4756782 2.1818471 2.4369263 2.2549051
4.4790740 2.2063115 2.4427078 2.2633241
4.4824698 2.2048874 2.4484151 2.2730039
4.4858656 2.2077334 2.4541089 2.2840530
4.4892614 2.2006044 2.4597391 2.2965638
4.4926572 2.2148159 2.4653264 2.3106048
4.4960530 2.2204487 2.4708584 2.3262136
4.4994489 2.2218523 2.4763568 2.3433898
4.5028447 2.2288437 2.4817753 2.3620883
4.5062405 2.2604361 2.4871792 2.3822146
4.5096363 2.2617888 2.4925384 2.4036208
4.5130321 2.2685285 2.4978563 2.4261053
4.5164279 2.2738900 2.5031127 2.4494140
4.5198237 2.2990026 2.5083316 2.4732450
4.5232195 2.3094049 2.5134876 2.4972568
4.5266153 2.3158560 2.5185809 2.5210784
4.5300111 2.3412845 2.5236431 2.5443226
4.5334070 2.4082887 2.5286768 2.5666009
4.5368028 2.4579377 2.5336625 2.5875394
4.5401986 2.5446692 2.5386583 2.6067947
4.5435944 3.3376412 2.5435336 2.6240687
4.5469902 3.2476783 2.5482882 2.6391223
4.5503860 3.5205998 2.5529168 2.6517849
4.5537818 3.2116408 2.5574417 2.6619618
4.5571776 2.9538944 2.5618231 2.6696373
4.5605734 2.8242249 2.5661295 2.6748731
4.5639693 2.7422750 2.5703158 2.6778044
4.5673651 2.6713922 2.5743843 2.6786308
4.5707609 2.6432142 2.5783453 2.6776063
4.5741567 2.6044683 2.5821730 2.6750255
4.5775525 2.5825536 2.5859002 2.6712104
4.5809483 2.5825536 2.5895051 2.6664959
4.5843441 2.5446692 2.5930720 2.6612166
4.5877399 2.5310385 2.5965621 2.6556946
4.5911357 2.5320933 2.5999161 2.6502293
4.5945315 2.5278685 2.6031493 2.6450896
4.5979274 2.5183024 2.6062699 2.6405075
4.6013232 2.5140235 2.6092420 2.6366753
4.6047190 2.5415387 2.6121202 2.6337436
4.6081148 2.5341992 2.6149095 2.6318217
4.6115106 2.5246892 2.6175105 2.6309794
4.6149064 2.5404932 2.6198640 2.6312490
4.6183022 2.5673542 2.6220547 2.6326292
4.6216980 2.5642884 2.6240216 2.6350884
4.6250938 2.5653112 2.6258076 2.6385685
4.6284896 2.5845644 2.6274255 2.6429888
4.6318855 2.5995264 2.6288704 2.6482498
4.6352813 2.6103690 2.6301562 2.6542369
4.6386771 2.6162381 2.6313777 2.6608245
4.6420729 2.6181870 2.6323595 2.6678797
4.6454687 2.6123288 2.6331051 2.6752661
4.6488645 2.6044683 2.6336281 2.6828483
4.6522603 2.6093879 2.6339345 2.6904959
4.6556561 2.5825536 2.6340398 2.6980878
4.6590519 2.6133075 2.6339210 2.7055161
4.6624478 2.5865712 2.6336068 2.7126895
4.6658436 3.1351612 2.6331108 2.7195368
4.6692394 2.9168153 2.6323988 2.7260091
4.6726352 2.8722775 2.6315098 2.7320807
4.6760310 2.9358766 2.6303963 2.7377494
4.6794268 2.6824617 2.6290500 2.7430355
4.6828226 2.6123288 2.6274868 2.7479790
4.6862184 2.5855682 2.6256567 2.7526364
4.6896142 2.6133075 2.6236809 2.7570758
4.6930100 2.6142850 2.6215609 2.7613720
4.6964059 2.6015058 2.6192681 2.7656002
4.6998017 2.6152620 2.6168212 2.7698299
4.7031975 2.6015058 2.6141693 2.7741198
4.7065933 2.6181870 2.6113353 2.7785117
4.7099891 2.6172132 2.6083166 2.7830261
4.7133849 2.6374898 2.6051201 2.7876585
4.7167807 2.6526883 2.6017541 2.7923767
4.7201765 2.6639495 2.5981997 2.7971198
4.7235723 2.6713922 2.5944762 2.8017971
4.7269682 2.7176781 2.5906398 2.8062903
4.7303640 2.7167892 2.5866758 2.8104548
4.7337598 2.7466094 2.5826478 2.8141236
4.7371556 2.7535083 2.5784667 2.8171115
4.7405514 2.7856934 2.5740694 2.8192206
4.7439472 2.8161404 2.5694701 2.8202465
4.7473430 2.8441763 2.5647708 2.8199849
4.7507388 2.8943970 2.5598003 2.8182392
4.7541346 2.9495974 2.5545617 2.8148278
4.7575304 3.0404148 2.5491209 2.8095917
4.7609263 3.7220814 2.5434909 2.8024019
4.7643221 4.4393902 2.5376319 2.7931654
4.7677179 3.0658553 2.5315689 2.7818312
4.7711137 2.9730237 2.5253315 2.7683941
4.7745095 2.9145942 2.5189503 2.7528974
4.7779053 2.9182932 2.5124016 2.7354337
4.7813011 3.0116563 2.5056857 2.7161431
4.7846969 2.8504844 2.4987958 2.6952102
4.7880927 2.5683739 2.4916489 2.6728587
4.7914886 2.5363014 2.4844149 2.6493442
4.7948844 2.5140235 2.4771320 2.6249456
4.7982802 2.5054150 2.4697698 2.5999557
4.8016760 2.4511447 2.4623211 2.5746709
4.8050718 2.4769566 2.4548000 2.5493808
4.8084676 2.4477322 2.4472143 2.5243588
4.8118634 2.4362793 2.4395320 2.4998523
4.8152592 2.4420209 2.4317494 2.4760754
4.8186550 2.4023654 2.4238922 2.4532028
4.8220508 2.3928206 2.4159667 2.4313646
4.8254467 2.4200394 2.4079492 2.4106445
4.8288425 2.3868120 2.3998217 2.3910787
4.8322383 2.4071069 2.3916348 2.3726578
4.8356341 2.3512912 2.3833804 2.3553295
4.8390299 2.3324521 2.3750657 2.3390038
4.8424257 2.3475494 2.3666831 2.3235594
4.8458215 2.3400269 2.3582311 2.3088513
4.8492173 2.3624399 2.3497272 2.2947190
4.8526131 2.3119900 2.3411697 2.2809960
4.8560089 2.3337183 2.3325969 2.2675182
4.8594048 2.3437948 2.3239572 2.2541334
4.8628006 2.3412845 2.3153141 2.2407087
4.8661964 2.3487980 2.3066473 2.2271377
4.8695922 2.3512912 2.2979624 2.2133460
4.8729880 2.3868120 2.2892636 2.1992947
4.8763838 2.4454513 2.2805948 2.1849823
4.8797796 2.7344296 2.2718555 2.1704441
4.8831754 2.0668063 2.2630952 2.1557497
4.8865712 2.0716498 2.2543194 2.1409993
4.8899671 2.0322833 2.2455458 2.1263171
4.8933629 2.0289376 2.2367732 2.1118450
4.8967587 2.0289376 2.2280101 2.0977340
4.9001545 2.0372829 2.2198010 2.0841368
4.9035503 2.0472136 2.2118409 2.0711989
4.9069461 2.0103486 2.2039537 2.0590515
4.9103419 2.0069342 2.1962231 2.0478047
4.9137377 1.9827290 2.1886656 2.0375414
4.9171335 1.9633245 2.1812703 2.0283131
4.9205293 1.9792266 2.1738286 2.0201365
4.9239252 1.9914359 2.1664542 2.0129919
4.9273210 1.9774711 2.1591786 2.0068223
4.9307168 1.9651030 2.1519780 2.0015341
4.9341126 1.9827290 2.1449269 1.9969992
4.9375084 1.9543885 2.1379809 1.9930583
4.9409042 1.9597590 2.1311736 1.9895247
4.9443000 1.9471862 2.1244459 1.9861903
4.9476958 1.9615433 2.1178409 1.9828318
4.9510916 1.9739518 2.1113967 1.9792185
4.9544875 1.9844759 2.1050471 1.9751210
4.9578833 2.0035093 2.0988637 1.9703197
4.9612791 1.9897001 2.0928107 1.9646150
4.9646749 1.9948993 2.0868924 1.9578358
4.9680707 2.0238993 2.0811176 1.9498486
4.9714665 2.0537839 2.0754835 1.9405643
4.9748623 2.0684233 2.0700041 1.9299444
4.9782581 2.1189318 2.0646914 1.9180038
4.9816539 2.2385564 2.0595136 1.9048117
4.9850497 2.6778631 2.0545315 1.8904896
4.9884456 1.5937244 2.0496916 1.8752062
4.9918414 1.6450286 2.0450023 1.8591702
4.9952372 1.6616049 2.0404640 1.8426208
4.9986330 1.6135557 2.0360910 1.8258164
5.0020288 1.6402457 2.0319171 1.8090229
5.0054246 1.6257687 2.0279297 1.7925020
5.0088204 1.6402457 2.0240951 1.7765000
5.0122162 1.6036854 2.0204605 1.7612385
5.0156120 1.6306157 2.0170007 1.7469068
5.0190079 1.6354415 2.0137199 1.7336566
5.0224037 1.6378461 2.0105889 1.7216002
5.0257995 1.6306157 2.0076521 1.7108101
5.0291953 1.6450286 2.0048697 1.7013216
5.0325911 1.6662949 2.0022731 1.6931375
5.0359869 1.6779321 1.9998846 1.6862339
5.0393827 1.6779321 1.9976849 1.6805670
5.0427785 1.7625200 1.9956802 1.6760809
5.0461743 1.6616049 1.9938816 1.6727151
5.0495701 1.6779321 1.9922697 1.6704111
5.0529660 1.6545318 1.9908416 1.6691189
5.0563618 1.6426396 1.9895964 1.6688024
5.0597576 1.6592524 1.9885043 1.6694427
5.0631534 1.6233371 1.9875406 1.6710415
5.0665492 1.6306157 1.9867145 1.6736214
5.0699450 1.6378461 1.9860366 1.6772261
5.0733408 1.6257687 1.9855041 1.6819186
5.0767366 1.6474121 1.9851252 1.6877777
5.0801324 1.6639525 1.9848959 1.6948932
5.0835283 1.6378461 1.9847995 1.7033604
5.0869241 1.6402457 1.9848362 1.7132724
5.0903199 1.6426396 1.9850094 1.7247126
5.0937157 1.6450286 1.9853096 1.7377457
5.0971115 1.6639525 1.9856677 1.7524089
5.1005073 1.6402457 1.9861776 1.7687041
5.1039031 1.6592524 1.9869060 1.7865898
5.1072989 1.6592524 1.9878101 1.8059756
5.1106947 1.6639525 1.9888841 1.8267189
5.1140905 1.6825522 1.9900932 1.8486233
5.1174864 1.6592524 1.9914578 1.8714410
5.1208822 1.6756146 1.9929553 1.8948783
5.1242780 1.6825522 1.9945475 1.9186036
5.1276738 1.7277037 1.9962440 1.9422590
5.1310696 1.7098678 1.9980530 1.9654735
5.1344654 1.7121135 1.9999793 1.9878781
5.1378612 2.0554202 2.0019952 2.0091215
5.1412570 2.6298099 2.0041181 2.0288842
5.1446528 2.3868120 2.0063128 2.0468928
5.1480486 2.3437948 2.0086354 2.0629302
5.1514445 2.2832098 2.0110282 2.0768438
5.1548403 2.2792253 2.0135230 2.0885497
5.1582361 2.2468131 2.0161677 2.0980328
5.1616319 2.1642401 2.0188426 2.1053438
5.1650277 2.1963046 2.0214700 2.1105926
5.1684235 2.1597934 2.0240326 2.1139395
5.1718193 2.1220117 2.0265482 2.1155841
5.1752151 2.1033988 2.0290727 2.1157533
5.1786109 2.0844610 2.0315940 2.1146896
5.1820068 2.1111929 2.0340978 2.1126394
5.1854026 2.1002653 2.0365735 2.1098433
5.1887984 2.0764716 2.0390654 2.1065269
5.1921942 2.0812724 2.0415312 2.1028954
5.1955900 2.0684233 2.0440057 2.0991284
5.1989858 2.0684233 2.0464760 2.0953777
5.2023816 2.0505037 2.0489120 2.0917668
5.2057774 2.0828679 2.0513779 2.0883916
5.2091732 2.0668063 2.0543029 2.0853227
5.2125690 2.0764716 2.0575435 2.0826075
5.2159649 2.0406034 2.0609069 2.0802740
5.2193607 2.0603147 2.0642957 2.0783335
5.2227565 2.0586855 2.0674941 2.0767846
5.2261523 2.0955482 2.0705900 2.0756154
5.2295481 2.0955482 2.0740494 2.0748069
5.2329439 2.0732596 2.0780190 2.0743344
5.2363397 2.0521450 2.0820606 2.0741699
5.2397355 2.0619411 2.0862463 2.0742831
5.2431313 2.0780742 2.0907348 2.0746425
5.2465272 2.0700378 2.0952960 2.0752164
5.2499230 2.0339525 2.0999014 2.0759728
5.2533188 2.0796745 2.1044799 2.0768803
5.2567146 2.0603147 2.1091315 2.0779079
5.2601104 2.0748668 2.1138284 2.0790252
5.2635062 2.0892265 2.1185441 2.0802028
5.2669020 2.0635653 2.1233351 2.0814119
5.2702978 2.0908103 2.1281702 2.0826249
5.2736936 2.0780742 2.1330850 2.0838152
5.2770894 2.1033988 2.1381115 2.0849577
5.2804853 2.0876403 2.1433090 2.0860287
5.2838811 2.0939710 2.1485920 2.0870065
5.2872769 2.1080818 2.1538198 2.0878714
5.2906727 2.1142950 2.1591066 2.0886063
5.2940685 2.0986950 2.1643967 2.0891965
5.2974643 2.0764716 2.1696029 2.0896306
5.3008601 2.1281459 2.1747334 2.0899001
5.3042559 2.1002653 2.1798648 2.0900001
5.3076517 2.1372824 2.1849942 2.0899291
5.3110476 2.0908103 2.1901079 2.0896894
5.3144434 2.0908103 2.1952594 2.0892868
5.3178392 2.1065230 2.2004514 2.0887310
5.3212350 2.1204729 2.2057223 2.0880350
5.3246308 2.0619411 2.2111137 2.0872157
5.3280266 2.1142950 2.2164321 2.0862932
5.3314224 2.0619411 2.2217104 2.0852911
5.3348182 2.0828679 2.2269545 2.0842363
5.3382140 2.0472136 2.2321894 2.0831590
5.3416098 2.0828679 2.2374284 2.0820929
5.3450057 2.0764716 2.2426268 2.0810754
5.3484015 2.0537839 2.2478237 2.0801479
5.3517973 2.0619411 2.2529736 2.0793565
5.3551931 2.0635653 2.2581394 2.0787526
5.3585889 2.0537839 2.2632870 2.0783940
5.3619847 2.0422597 2.2683935 2.0783459
5.3653805 2.0684233 2.2734711 2.0786823
5.3687763 2.0635653 2.2785711 2.0794869
5.3721721 2.0716498 2.2835863 2.0808551
5.3755679 2.0322833 2.2884982 2.0828942
5.3789638 2.0635653 2.2933551 2.0857250
5.3823596 2.0537839 2.2981629 2.0894817
5.3857554 2.0651870 2.3031881 2.0943116
5.3891512 2.0651870 2.3082592 2.1003736
5.3925470 2.0780742 2.3134036 2.1078364
5.3959428 2.0764716 2.3185607 2.1168739
5.3993386 2.0651870 2.3237886 2.1276612
5.4027344 2.0844610 2.3290626 2.1403679
5.4061302 2.0570543 2.3344223 2.1551508
5.4095261 2.1096387 2.3398472 2.1721453
5.4129219 2.0844610 2.3450608 2.1914565
5.4163177 2.0488598 2.3501144 2.2131496
5.4197135 2.1127450 2.3550866 2.2372414
5.4231093 2.0971227 2.3599206 2.2636920
5.4265051 2.0844610 2.3646126 2.2923986
5.4299009 2.1158428 2.3692164 2.3231912
5.4332967 2.1250830 2.3737933 2.3558313
5.4366925 2.1387980 2.3783233 2.3900134
5.4400883 2.1433311 2.3827602 2.4253702
5.4434842 2.1508451 2.3870952 2.4614810
5.4468800 2.4747365 2.3913661 2.4978828
5.4502758 2.3759122 2.3955670 2.5340844
5.4536716 3.4062064 2.3996441 2.5695824
5.4570674 3.2735431 2.4036779 2.6038782
5.4604632 2.9160752 2.4076361 2.6364956
5.4638590 2.8104451 2.4114119 2.6669966
5.4672548 2.7543676 2.4150227 2.6949969
5.4706506 2.7361777 2.4184738 2.7201782
5.4740465 2.7274079 2.4217913 2.7422970
5.4774423 3.3316011 2.4249379 2.7611905
5.4808381 3.2799144 2.4279464 2.7767783
5.4842339 3.1199334 2.4307956 2.7890607
5.4876297 3.0754833 2.4335177 2.7981126
5.4910255 3.0344582 2.4361109 2.8040755
5.4944213 3.0237875 2.4386263 2.8071462
5.4978171 3.0324655 2.4409437 2.8075640
5.5012129 3.0384328 2.4430121 2.8055970
5.5046087 3.0613327 2.4448739 2.8015286
5.5080046 3.1001244 2.4465446 2.7956442
5.5114004 3.1584983 2.4480042 2.7882196
5.5147962 3.2476783 2.4492499 2.7795116
5.5181920 3.4635687 2.4503114 2.7697503
5.5215878 3.6252377 2.4511854 2.7591349
5.5249836 3.1957407 2.4518541 2.7478317
5.5283794 2.4680481 2.4523197 2.7359751
5.5317752 2.4454513 2.4525650 2.7236710
5.5351710 2.4579377 2.4526619 2.7110020
5.5385669 2.4601927 2.4525642 2.6980344
5.5419627 2.4374299 2.4522660 2.6848260
5.5453585 2.4556782 2.4517834 2.6714334
5.5487543 2.4568083 2.4511426 2.6579201
5.5521501 2.4934659 2.4502987 2.6443618
5.5555459 2.5571015 2.4492785 2.6308517
5.5589417 2.6394012 2.4481114 2.6175020
5.5623375 3.0710008 2.4467657 2.6044441
5.5657333 2.1433311 2.4452012 2.5918260
5.5691291 2.1250830 2.4434850 2.5798078
5.5725250 2.1002653 2.4416455 2.5685539
5.5759208 2.1018331 2.4397040 2.5582259
5.5793166 2.1002653 2.4375928 2.5489723
5.5827124 2.0939710 2.4353749 2.5409195
5.5861082 2.0892265 2.4330519 2.5341625
5.5895040 2.1049621 2.4305884 2.5287566
5.5928998 2.0923920 2.4280269 2.5247115
5.5962956 2.0844610 2.4253573 2.5219861
5.5996914 2.1583071 2.4225568 2.5204870
5.6030872 3.4870043 2.4196745 2.5200689
5.6064831 3.6859050 2.4166807 2.5205375
5.6098789 3.2552860 2.4136532 2.5216556
5.6132747 3.0869257 2.4106967 2.5231508
5.6166705 2.9925117 2.4076932 2.5247259
5.6200663 2.9285848 2.4044871 2.5260699
5.6234621 2.8629911 2.4011635 2.5268711
5.6268579 2.8306494 2.3977027 2.5268298
5.6302537 2.8055396 2.3941537 2.5256715
5.6336495 2.7898579 2.3904717 2.5231586
5.6370454 2.7756324 2.3867695 2.5191014
5.6404412 2.7848582 2.3830191 2.5133667
5.6438370 2.8055396 2.3792006 2.5058839
5.6472328 2.8520555 2.3753389 2.4966482
5.6506286 2.9631469 2.3714477 2.4857214
5.6540244 3.4331999 2.3675585 2.4732284
5.6574202 2.2536459 2.3636351 2.4593518
5.6608160 2.2260525 2.3597129 2.4443230
5.6642118 2.2426925 2.3558192 2.4284117
5.6676076 2.2105720 2.3518432 2.4119135
5.6710035 2.2063115 2.3478969 2.3951364
5.6743993 2.2063115 2.3439394 2.3783872
5.6777951 2.1862044 2.3399976 2.3619588
5.6811909 2.1948674 2.3360561 2.3461180
5.6845867 2.1642401 2.3321077 2.3310957
5.6879825 2.1716111 2.3281838 2.3170788
5.6913783 2.1597934 2.3243183 2.3042052
5.6947741 2.1774719 2.3204388 2.2925613
5.6981699 2.1716111 2.3163781 2.2821815
5.7015658 2.1523416 2.3124540 2.2730517
5.7049616 2.1597934 2.3088077 2.2651136
5.7083574 2.1642401 2.3054252 2.2582716
5.7117532 2.1657183 2.3021425 2.2524014
5.7151490 2.1818471 2.2989210 2.2473588
5.7185448 2.1789322 2.2957351 2.2429891
5.7219406 2.1919875 2.2927513 2.2391369
5.7253364 2.2048874 2.2899773 2.2356548
5.7287322 2.2413156 2.2874788 2.2324107
5.7321280 2.2481828 2.2852117 2.2292945
5.7355239 2.2832098 2.2829364 2.2262231
5.7389197 2.2617888 2.2806961 2.2231426
5.7423155 2.2495513 2.2784945 2.2200301
5.7457113 2.2357903 2.2763812 2.2168927
5.7491071 2.2105720 2.2743073 2.2137659
5.7525029 2.1818471 2.2722419 2.2107095
5.7558987 2.1948674 2.2702393 2.2078038
5.7592945 2.1847539 2.2683453 2.2051443
5.7626903 2.1553285 2.2665410 2.2028360
5.7660862 2.1281459 2.2648743 2.2009882
5.7694820 2.1403112 2.2632882 2.1997089
5.7728778 2.1553285 2.2615100 2.1991001
5.7762736 2.1266155 2.2596421 2.1992529
5.7796694 2.1538360 2.2576967 2.2002444
5.7830652 2.1158428 2.2558051 2.2021336
5.7864610 2.1080818 2.2538950 2.2049597
5.7898568 2.1296740 2.2520098 2.2087397
5.7932526 2.1220117 2.2500786 2.2134672
5.7966484 2.1220117 2.2480740 2.2191118
5.8000443 2.1158428 2.2461006 2.2256188
5.8034401 2.1204729 2.2442915 2.2329099
5.8068359 2.1065230 2.2427881 2.2408840
5.8102317 2.1002653 2.2412452 2.2494195
5.8136275 2.1049621 2.2395897 2.2583763
5.8170233 2.1127450 2.2379676 2.2675993
5.8204191 2.1002653 2.2363724 2.2769228
5.8238149 2.1080818 2.2348115 2.2861742
5.8272107 2.1220117 2.2332186 2.2951805
5.8306066 2.1296740 2.2315742 2.3037729
5.8340024 3.1859720 2.2298879 2.3117933
5.8373982 2.8799560 2.2281459 2.3191001
5.8407940 2.7326784 2.2263373 2.3255735
5.8441898 2.6555145 2.2244639 2.3311207
5.8475856 2.6181870 2.2225183 2.3356795
5.8509814 2.5915720 2.2204799 2.3392222
5.8543772 2.6123288 2.2183561 2.3417565
5.8577730 2.6317348 2.2161070 2.3433262
5.8611688 2.7569416 2.2137485 2.3440103
5.8645647 2.8137031 2.2113088 2.3439208
5.8679605 2.5183024 2.2087528 2.3431988
5.8713563 2.2148159 2.2060682 2.3420099
5.8747521 2.1671944 2.2032263 2.3405389
5.8781479 2.2063115 2.2002381 2.3389834
5.8815437 2.1627598 2.1971187 2.3375467
5.8849395 2.1583071 2.1938449 2.3364315
5.8883353 2.1847539 2.1903951 2.3358320
5.8917311 2.1538360 2.1868021 2.3359270
5.8951269 2.1730793 2.1830400 2.3368727
5.8985228 2.1597934 2.1790884 2.3387963
5.9019186 2.1716111 2.1749643 2.3417890
5.9053144 2.1745455 2.1706805 2.3459007
5.9087102 2.1818471 2.1661880 2.3511346
5.9121060 2.1583071 2.1615364 2.3574433
5.9155018 2.1642401 2.1567169 2.3647260
5.9188976 2.1716111 2.1516810 2.3728273
5.9222934 2.1803906 2.1464647 2.3815376
5.9256892 2.1818471 2.1411330 2.3905964
5.9290851 2.2091537 2.1356852 2.3996970
5.9324809 2.1891000 2.1301298 2.4084942
5.9358767 2.2134030 2.1244001 2.4166144
5.9392725 2.2288437 2.1185316 2.4236672
